3346918947
3275060459
3277416566
3277709718
3278482507
3279640818
3281653061
3281774771
3282276626
3282307053
3283831040
3284067782
3285106530
3285720709
3286476486
3287407048
3287769244
3293437485
3294983713
3295429291
3295782631
3296543474
3297381284
3297796618
3298293451
3303743696
3305038022
3313990688
3316292521
3319416025
3321521358
3321838014
3322428023
3324234282
3331500753
3334584916
3335372517
3336999108
3337906807
3341210959
3341274783
3341374073
3343029129
3343320334
3343624906
3343989895
3345158183
3345266573
3346279334